76561198307992605
76561198184163490
76561198173384045
76561198168850067
76561198205511064
76561198173383125
76561198306446446
76561198307723248
76561198583274760
76561198299454365
76561198300521822
76561198401407310
76561198402607330
76561198255005250
76561198173363965
76561198254154593
76561198184140893
76561198305772806
76561198205477928
76561198254491833
76561198254151830
76561198302820695
76561198173404159
76561198184153373
76561198184166559
76561198184116987
76561198254146101
76561198584069013
76561198184128817
76561198254959705
76561198216651056
76561198173387937
76561198305924995
76561198583776097
76561198219287865
76561198184578066
76561198176758587
76561198307224722
76561198377357621
76561198035405071
76561198300591093
76561198304363895
76561198254996294
76561198251528866
76561198304550880
76561198303782117
76561198210775457
76561198589499880
76561198378993784
76561198254980687
76561198584050018
76561198184129861
76561198184443385
76561198584097309
76561198253321718
76561198262440758
76561198184552293
76561198254143623
76561198254489993
76561198254999141
76561198399750748
76561198589478527
76561198304999380
76561198262418191
76561198184630606
76561198184174358
76561198309021518
76561198589466475
76561198304586049
76561198584067441
76561198216283564
76561198173389782
76561198173387285
76561198184212473
76561198583264280
76561198253339321
76561198254147779
76561198254978314
76561198376336274
76561198376289553
76561198254997918
76561198299156984
76561198216279228
76561198184146501
76561198299881324
76561198216624104
76561198377903292
76561198584068227
76561198583215810
76561198210860047
76561198184202690
76561198589482719
76561198254492628
76561198304414705
76561198377851039
76561198184184738
76561198308246454
76561198216650592
76561198305846671
76561198399236995
76561198584074777
76561198307855413
76561198184151097
76561198262345369
76561198184472521
76561198376327103
76561198247082062
76561198301498202
76561198216283152
76561198398401979
76561198308240242
76561198253340390
76561198306632335
76561198308413111
76561198254494217
76561198219355579
76561198299695177
76561198583804655
76561198299480192
76561198253031458
76561198254507340
76561198251513632
76561198306398381
76561198584077266
76561198377109340
76561198740423146
76561198176689109
76561198254955469
76561198300069678
76561198310584090
76561198184526997
76561198184150981
76561198184594810
76561198254133690
76561198398531657
76561198307723297
76561198255021080
76561198376528624
76561198306502893
76561198254164983
76561198583816445
76561198216214572
76561198262922458
76561198376566780
76561198254505442
76561198251568662
76561198583764438
76561198307185954
76561198376519674
76561198184503951
76561198378595330
76561198583236901
76561198306349374
76561198589483374
76561198376579914
76561198254959827
76561198589475907
76561198233350724
76561198219394857
76561198299819934
76561198216281976
76561198300597302
76561198254464781
76561198307820365
76561198308588277
76561198308382851
76561198307469680
76561198305769009
76561198399789216
76561198583808847
76561198254163667
76561198254498238
76561198306086636
76561198399087009
76561198400376010
76561198176743494
76561198299144823
76561198254149455
76561198299405778
76561198255002811
76561198378106243
76561198253047367
76561198399251929
76561198254171689
76561198299896723
76561198583817624
76561198254179477
76561198262416393
76561198254472264
76561198300546223
76561198184547478
76561198300372246
76561198300530556
76561198309013887
76561198262440743
76561198583777407
76561198306609452
76561198583789852
76561198184508833
76561198254158296
76561198583801118
76561198305119421
76561198254493375
76561198254491009
76561198253344747
76561198583779372
76561198305857881
76561198254496118
76561198184093425
76561198253334628
76561198255011020
76561198308343484
76561198311422319
76561198307649485
76561198254469820
76561198301335875
76561198377830452
76561198262334716
76561198219365715
76561198255023949
76561198216558456
76561198306786218
76561198254490084
76561198583218168
76561198201309234
76561198300352193
76561198589491103
76561198308147690
76561198307193844
76561198176733822
76561198589513766
76561198311230314
76561198583798498
76561198376628099
76561198300023323
76561198184459581
76561198306417770
76561198254162178
76561198253326910
76561198589501452
76561198300726685
76561198304272710
76561198589501976
76561198184466093
76561198301234458
76561198253040682
76561198307812867
76561198583237687
76561198300679374
76561198584053555
76561198589470012
76561198299089354
76561198253333830
76561198584051328
76561198399117026
76561198402156838
76561198247163560
76561198254952801
76561198299818286
76561198304453801
76561198306514906
76561198301736322
76561198398454612
76561198201280069
76561198254966167
76561198304529613
76561198304132297
76561198299842814
76561198376854578
76561198310561045
76561198306579972
76561198584051852
76561198263107499
76561198300527807
76561198299951261
76561198219462139
76561198377316226
76561198306166681
76561198254502314
76561198377858155
76561198583778979
76561198307586957
76561198300539706
76561198253031536
76561198307382577
76561198307068525
76561198583249739
76561198303793192
76561198251723150
76561198398815245
76561198310435055
76561198306021335
76561198262385748
76561198262412251
76561198184574931
76561198219549461
76561198254164380
76561198201353795
76561198401197988
76561198399180018
76561198583270175
76561198398483059
76561198254158431
76561198300734132
76561198255000665
76561198254174991
76561198253334068
76561198398497896
76561198411274745
76561198254987148
76561198583782778
76561198262425002
76561198304453291
76561198299819954
76561198301986642
76561198233435704
76561198583777800
76561198589508395
76561198300483460
76561198254484288
76561198398476463
76561198377142564
76561198583274236
76561198583255110
76561198251597246
76561198583248167
76561198251702978
76561198262681532
76561198377043200
76561198251503204
76561198583292707
76561198308464975
76561198589504203
76561198300817958
76561198219304693
76561198378105588
76561198262457794
76561198304998776
76561198305203486
76561198399945331
76561198299205051
76561198376891634
76561198254981633
76561198253336540
76561198210815475
76561198301853129
76561198219438063
76561198306129877
76561198254994082
76561198307755174
76561198255004882
76561198584071502
76561198253336207
76561198306366988
76561198254164387
76561198219312661
76561198300050660
76561198254152945
76561198254175196
76561198254496305
76561198306960562
76561198306045737
76561198583297292
76561198308031377
76561198254996658
76561198376022098
76561198308270992
76561198304491033
76561198254174827
76561198262441901
76561198262441402
76561198254501151
76561198584048708
76561198299860555
76561198262428792
76561198301303426
76561198254165716
76561198306071345
76561198262480241
76561198583280524
76561198184473681
76561198376624038
76561198308315686
76561198306138074
76561198299925947
76561198401143594
76561198583243713
76561198299297891
76561198301034585
76561198300575871
76561198262431848
76561198262463413
76561198254494898
76561198306002995
76561198301165174
76561198303806641
76561198262450381
76561198311227085
76561198254983612
76561198254521492
76561198254999883
76561198300569583
76561198306523083
76561198583802166
76561198299256213
76561198254145867
76561198306040102
76561198254981322
76561198253328441
76561198584058664
76561198184564803
76561198300459828
76561198299809609
76561198583255896
76561198306431782
76561198219330493
76561198184465747
76561198305920475
76561198255009496
76561198583821423
76561198305990337
76561198254495098
76561198307245908
76561198304378548
76561198583811860
76561198377293956
76561198254973114
76561198583789066
76561198254471756
76561198215012959
76561198305712491
76561198300859167
76561198583285764
76561198251648202
76561198299484670
76561198308346630
76561198583791948
76561198589477479
76561198251662974
76561198399534447
76561198306105775
76561198254523626
76561198307374789
76561198262401338
76561198376631830
76561198307273067
76561198262442169
76561198254479602
76561198377980798
76561198306628787
76561198254511107
76561198306696758
76561198305720220
76561198299927777
76561198254162189
76561198253334834
76561198377599696
76561198300439530
76561198301984338
76561198306669653
76561198583767582
76561198299727584
76561198254163545
76561198262390884
76561198305795766
76561198254470994
76561198184535169
76561198589496081
76561198306479714
76561198254458176
76561198254968841
76561198305057336
76561198307280235
76561198251470712
76561198299145276
76561198301440371
76561198306847502
76561198300386425
76561198583799939
76561198583797712
76561198201277357
76561198253039612
76561198583282751
76561198306472575
76561198299139088
76561198254492814
76561198584071109
76561198305881657
76561198251665798
76561198307767684
76561198184555026
76561198583220788
76561198583782385
76561198398513162
76561198399084558
76561198254494214
76561198253034742
76561198308748233
76561198214940037
76561198262417610
76561198376376994
76561198306191642
76561198306907524
76561198584066917
76561198254990158
76561198300470891
76561198583226290
76561198583301746
76561198303722588
76561198305925147
76561198300066110
76561198254483914
76561198306715156
76561198299749713
76561198311915087
76561198307791899
76561198299694129
76561198583283406
76561198219332033
76561198304368008
76561198306525145
76561198306117543
76561198584082899
76561198583277249
76561198301379620
76561198376569007
76561198307843796
76561198307662210
76561198254504680
76561198254168306
76561198377848247
76561198262437148
76561198219518077
76561198299421753
76561198589510753
76561198377139129
76561198254996303
76561198253324326
76561198308858509
76561198254504544
76561198253332520
76561198247082180
76561198583249215
76561198254153619
76561198184526762
76561198255005041
76561198401841595
76561198253333494
76561198304386209
76561198306842070
76561198310546913
76561198583270830
76561198376253208
76561198301513922
76561198262756076
76561198305880347
76561198253333028
76561198308064762
76561198299772389
76561198306431763
76561198306278887
76561198310699798
76561198401840748
76561198254147869
76561198376437840
76561198300622249
76561198305608998
76561198300543721
76561198254169135
76561198583816838
76561198308319878
76561198262401846
76561198583248691
76561198306546255
76561198254488787
76561198251626476
76561198306632291
76561198306324718
76561198304259880
76561198306607770
76561198253337285
76561198377122346
76561198263087239
76561198583254586
76561198219272261
76561198300359267
76561198377966556
76561198583264935
76561198301455436
76561198583295327
76561198251517280
76561198306405498
76561198401406039
76561198300873364
76561198299139808
76561198398770616
76561198255018570
76561198254500189
76561198254495864
76561198306671569
76561198299700487
76561198254966767
76561198254511130
76561198299922017
76561198254177570
76561198254132738
76561198254984866
76561198233384312
76561198306763949
76561198307177858
76561198253037952
76561198219628909
76561198262456612
76561198583818672
76561198303880510
76561198300568721
76561198303717977
76561198251479864
76561198262412462
76561198255045150
76561198299978055
76561198583212928
76561198254150471
76561198262456417
76561198307223472
76561198301280195
76561198589516517
76561198253323558
76561198583246202
76561198306461561
76561198376747385
76561198308241318
76561198254990356
76561198401460183
76561198253339194
76561198307398559
76561198303782729
76561198299874336
76561198307224223
76561198254530126
76561198376202196
76561198399168205
76561198219549343
76561198307295293
76561198300148178
76561198306325635
76561198254166980
76561198304453277
76561198589517172
76561198253034704
76561198254484168
76561198299140451
76561198254489270
76561198411354513
76561198262381346
76561198184524243
76561198410625281
76561198303770965
76561198305731077
76561198254146596
76561198251471764
76561198399180186
76561198300453450
76561198399735487
76561198214983337
76561198300729650
76561198253036588
76561198254498487
76561198254491950
76561198253327947
76561198262303815
76561198305172662
76561198299978552
76561198299113877
76561198253336879
76561198583267555
76561198583271485
76561198254497074
76561198254989722
76561198583290742
76561198253322124
76561198306942884
76561198254151127
76561198402771316
76561198309132543
76561198398607306
76561198311264786
76561198253045278
76561198398308966
76561198583813956
76561198254977351
76561198301957106
76561198253041252
76561198262903922
76561198253037825
76561198306543566
76561198583772429
76561198376432154
76561198300390425
76561198308333472
76561198307225245
76561198307861308
76561198300389980
76561198403537261
76561198262412632
76561198303821504
76561198255006163
76561198304351813
76561198300610973
76561198300361509
76561198262413420
76561198306616628
76561198262531747
76561198254492039
76561198401183092
76561198262400555
76561198300673969
76561198254499371
76561198306072786
76561198411527404
76561198376422763
76561198219302145
76561198306597102
76561198300693534
76561198376638045
76561198254157717
76561198402312599
76561198251517162
76561198377741825
76561198306081301
76561198401585002
76561198306541778
76561198376458412
76561198255000961
76561198299098243
76561198262384329
76561198262458937
76561198299992943
76561198254169031
76561198306402414
76561198308327970
76561198307618247
76561198254175804
76561198303712370
76561198399166128
76561198251665680
76561198254480427
76561198302068862
76561198589495426
76561198376829956
76561198302067421
76561198254989721
76561198305816633
76561198262424909
76561198307659141
76561198300418120
76561198305718668
76561198262921569
76561198254496111
76561198300517630
76561198253324511
76561198254999743
76561198307760451
76561198301484410
76561198377203177
76561198215050219
76561198306909358
76561198306754646
76561198299151194
76561198306732337
76561198583785005
76561198310474459
76561198299353748
76561198403070942
76561198583280000
76561198589480230
76561198303782205
76561198589512325
76561198376573854
76561198589517827
76561198583290349
76561198303317366
76561198306119312
76561198299866414
76561198254164408
76561198398469415
76561198307323068
76561198301385935
76561198376985099
76561198254180705
76561198301235822
76561198254497217
76561198378824270
76561198306342719
76561198305677234
76561198399079973
76561198301500953
76561198262412206
76561198399209203
76561198302763098
76561198377820889
76561198583302925
76561198584062856
76561198254168971
76561198254502573
76561198306535162
76561198254746819
76561198301131937
76561198584050673
76561198401189017
76561198589494640
76561198307852765
76561198307764118
76561198306699314
76561198306512340
76561198302724377
76561198251470926
76561198299820120
76561198306744617
76561198300671427
76561198583768368
76561198376605901
76561198254980744
76561198254175462
76561198305116483
76561198254154681
76561198583812777
76561198303161215
76561198306461511
76561198219385307
76561198377071984
76561198299987207
76561198306240189
76561198307847846
76561198306564643
76561198300496516
76561198398642010
76561198262372773
76561198306609356
76561198307658652
76561198311859704
76561198377818400
76561198307157477
76561198307601758
76561198306601997
76561198255010905
76561198299865409
76561198254998867
76561198253324526
76561198584059057
76561198219345997
76561198300633766
76561198300708438
76561198401215419
76561198255009430
76561198254039674
76561198401050995
76561198254136446
76561198376942658
76561198301359496
76561198254986894
76561198301439986
76561198311223155
76561198262425798
76561198254495733
76561198301824331
76561198589513111
76561198262417409
76561198412103156
76561198251422094
76561198254500638
76561198254145962
76561198255016102
76561198262438906
76561198300047778
76561198254159788
76561198308081786
76561198404849834
76561198299930757
76561198583766796
76561198299752475
76561198254989755
76561198306625804
76561198254174483
76561198254959700
76561198301495960
76561198303728411
76561198301522139
76561198254981713
76561198584062332
76561198401985820
76561198305463650
76561198254157410
76561198303793006
76561198300472398
76561198306657884
76561198300532824
76561198306370725
76561198307092287
76561198412349713
76561198254175962
76561198253347029
76561198254161439
76561198254971869
76561198254145749
76561198262412753
76561198300494228
76561198303745523
76561198263088255
76561198583258647
76561198253034551
76561198300466991
76561198306450638
76561198254159666
76561198254175653
76561198201327186
76561198305619884
76561198299852239
76561198306433518
76561198376322878
76561198312486538
76561198254179070
76561198303770441
76561198399600995
76561198254172197
76561198253325241
76561198583805310
76561198253039883
76561198262915198
76561198377928869
76561198306756218
76561198301460348
76561198301986958
76561198254176288
76561198299223821
76561198377772158
76561198299750496
76561198307747470
76561198254497968
76561198262914690
76561198254142227
76561198262375416
76561198304478793
76561198299201146
76561198254501051
76561198304431355
76561198262432801
76561198306143420
76561198583803083
76561198583284454
76561198254162421
76561198251471410
76561198253336135
76561198401749466
76561198376791481
76561198309135032
76561198300545417
76561198253331578
76561198300598070
76561198305771758
76561198311261380
76561198583214762
76561198306329685
76561198377090314
76561198304521753
76561198303746654
76561198583206378
76561198398486582
76561198377080507
76561198251697182
76561198254159990
76561198303628238
76561198262442591
76561198398481353
76561198305940140
76561198262532001
76561198310526459
76561198305604151
76561198247150496
76561198300609343
76561198398997389
76561198401775691
76561198301428589
76561198251514306
76561198401465868
76561198401889379
76561198262429552
76561198376432993
76561198301859310
76561198299361657
76561198401172642
76561198583266245
76561198377373540
76561198398979082
76561198311258723
76561198303737088
76561198306659866
76561198300099799
76561198254510253
76561198589496605
76561198262448196
76561198299216472
76561198300545616
76561198398498640
76561198253036000
76561198219376849
76561198184495161
76561198253331862
76561198399102453
76561198301415735
76561198301288927
76561198583805703
76561198254506116
76561198376470583
76561198254506446
76561198304597088
76561198300723975
76561198583799153
76561198307268092
76561198303889662
76561198302123245
76561198306743251
76561198201266397
76561198307815225
76561198589500666
76561198401612784
76561198589493985
76561198303751416
76561198307609392
76561198399187011
76561198398907991
76561198311321768
76561198311178013
76561198299248642
76561198583220002
76561198254157117
76561198254154878
76561198303759684
76561198300498265
76561198254465859
76561198398792975
76561198253332495
76561198376584683
76561198254988672
76561198305823143
76561198262388725
76561198308461514
76561198307595315
76561198301298186
76561198583788411
76561198583297816
76561198299859251
76561198307194071
76561198377307449
76561198377247524
76561198254500076
76561198399746556
76561198308338404
76561198401830374
76561198247163678
76561198583281703
76561198306729848
76561198299864318
76561198376551686
76561198308959757
76561198262448984
76561198300441364
76561198583300960
76561198583207688
76561198307421655
76561198299943479
76561198299792321
76561198299177407
76561198306242304
76561198254497852
76561198253035982
76561198305159679
76561198589503679
76561198583253800
76561198398537970
76561198377768034
76561198400120400
76561198301581580
76561198251617384
76561198308293658
76561198589487304
76561198299877805
76561198254131365
76561198301878593
76561198377009841
76561198307290797
76561198306517334
76561198376938279
76561198262439250
76561198306709074
76561198300819143
76561198304393807
76561198401034683
76561198299168324
76561198262415579
76561198309639908
76561198301981296
76561198584053817
76561198300498578
76561198304487627
76561198306522967
76561198303768949
76561198304365729
76561198718527282
76561198308244593
76561198219423235
76561198583219347
76561198305094365
76561198303808999
76561198398730570
76561198583203234
76561198584057616
76561198398593027
76561198300049898
76561198307680502
76561198300792653
76561198398367459
76561198306669795
76561198251449908
76561198398098611
76561198254967698
76561198583779765
76561198253337553
76561198255022328
76561198306768101
76561198583799546
76561198301858000
76561198255007624
76561198300519336
76561198300749525
76561198306550601
76561198300453323
76561198401804817
76561198306519521
76561198254148506
76561198583785398
76561198308233430
76561198308768014
76561198398673318
76561198299384919
76561198254170066
76561198303901728
76561198377268275
76561198300599185
76561198255015462
76561198254147944
76561198304146183
76561198589476562
76561198299766025
76561198308316212
76561198300794749
76561198307097097
76561198583238604
76561198254168748
76561198251402074
76561198583258123
76561198254999773
76561198303745154
76561198584058009
76561198398393783
76561198253037863
76561198306728463
76561198300848074
76561198253329318
76561198589469226
76561198583807406
76561198247147164
76561198251620188
76561198306670914
76561198589472239
76561198398635590
76561198254996319
76561198377208679
76561198308456776
76561198254991406
76561198303805506
76561198254488333
76561198251421980
76561198303713025
76561198299799900
76561198401224922
76561198254495955
76561198583296113
76561198307404585
76561198306699743
76561198400967687
76561198254491785
76561198306411941
76561198301420176
76561198412674421
76561198584059974
76561198589509574
76561198398324772
76561198583259695
76561198589475252
76561198376525808
76561198398415264
76561198377049346
76561198299156329
76561198376780870
76561198376491131
76561198306221427
76561198583300436
76561198300645911
76561198306733130
76561198254500089
76561198401791548
76561198299823364
76561198308341186
76561198310613106
76561198307733893
76561198253330351
76561198306533326
76561198254991860
76561198399228858
76561198377137164
76561198398386330
76561198299120034
76561198308282826
76561198255020156
76561198254163749
76561198300483689
76561198304470565
76561198583862819
76561198376024980
76561198301290228
76561198299783710
76561198306495593
76561198254519684
76561198301082334
76561198253337426
76561198305761464
76561198251724664
76561198377182412
76561198306617702
76561198254999888
76561198306556977
76561198303715180
76561198304267339
76561198300537883
76561198589506037
76561198255018951
76561198300690641
76561198310560648
76561198262383440
76561198254483808
76561198377847573
76561198306610990
76561198254173455
76561198411349535
76561198583253276
76561198253334703
76561198306342180
76561198376559870
76561198201424203
76561198254503526
76561198307204281
76561198307051906
76561198376632674
76561198303890972
76561198299842371
76561198254955977
76561198399833862
76561198307725131
76561198254960467
76561198583221443
76561198377054024
76561198583216465
76561198262417302
76561198303863116
76561198306625411
76561198583298471
76561198253047240
76561198376548673
76561198305961666
76561198303880379
76561198583806489
76561198308573872
76561198299881430
76561198253328281
76561198301154771
76561198306938823
76561198583302270
76561198299260243
76561198398760718
76561198376510373
76561198305122767
76561198377059965
76561198400310641
76561198740440700
76561198251533708
76561198398277640
76561198255000137
76561198589471191
76561198398465599
76561198300718763
76561198299880163
76561198299890600
76561198583787625
76561198254965278
76561198307011388
76561198262400068
76561198376511552
76561198299226805
76561198307537787
76561198301400428
76561198303761780
76561198300769657
76561198584070585
76561198583260481
76561198411421408
76561198401404991
76561198300532161
76561198377922474
76561198583819458
76561198300414985
76561198262444455
76561198303869522
76561198377349360
76561198254974826
76561198583862164
76561198399157725
76561198305730469
76561198376477900
76561198254163172
76561198306069773
76561198402532527
76561198399204443
76561198253347156
76561198399007941
76561198299880669
76561198306367319
76561198411275437
76561198300749339
76561198399092812
76561198377131598
76561198262432420
76561198299235087
76561198254506700
76561198307452363
76561198583798105
76561198377950181
76561198219272497
76561198583764962
76561198401114839
76561198584061022
76561198304503871
76561198399212704
76561198303820456
76561198262467323
76561198584072550
76561198300816097
76561198401159238
76561198399056102
76561198401320177
76561198376318971
76561198583299912
76561198301990280
76561198411512526
76561198299748815
76561198299767680
76561198251712310
76561198300388259
76561198305992459
76561198306215401
76561198377299557
76561198299846863
76561198584073336
76561198254993543
76561198307209475
76561198300760195
76561198583789328
76561198307612907
76561198305175267
76561198583268734
76561198376238959
76561198307089521
76561198254504163
76561198301521304
76561198589482064
76561198253330345
76561198300838686
76561198255019902
76561198254160625
76561198589503024
76561198584057223
76561198300496169
76561198589507216
76561198300474225
76561198254500062
76561198399020387
76561198377057629
76561198401921848
76561198254527328
76561198376450115
76561198253324394
76561198305997830
76561198262410428
76561198307595839
76561198300491977
76561198589484160
76561198304549913
76561198262445096
76561198254499738
76561198305750158
76561198254173975
76561198377913088
76561198254167526
76561198254465478
76561198255031518
76561198303730875
76561198254166080
76561198401950443
76561198589506561
76561198303906216
76561198301324228
76561198377112222
76561198251534062
76561198299964456
76561198403726720
76561198308438713
76561198310529927
76561198398467849
76561198254485432
76561198589486125
76561198201352209
76561198307172564
76561198400566764
76561198309009884
76561198308427222
76561198377278767
76561198584099929
76561198583273450
76561198301164781
76561198306078967
76561198589468178
76561198254997283
76561198304524373
76561198308364728
76561198262414447
76561198254136573
76561198306586653
76561198300783047
76561198306428357
76561198301342735
76561198254475404
76561198254182759
76561198403493716
76561198219361917
76561198398639521
76561198262429173
76561198584094165
76561198219438329
76561198311132635
76561198401238224
76561198300501172
76561198254503655
76561198253329169
76561198262415706
76561198304365257
76561198377259760
76561198299218290
76561198254152730
76561198254501460
76561198399751010
76561198306207500
76561198584073860
76561198300187497
76561198306483081
76561198307007167
76561198301857738
76561198307760873
76561198307692578
76561198307666021
76561198376390716
76561198306423486
76561198583765879
76561198589515207
76561198304610693
76561198306053859
76561198304257391
76561198584076611
76561198310558949
76561198184509050
76561198300766047
76561198399033094
76561198300726499
76561198398594046
76561198401830886
76561198583796533
76561198300108060
76561198306451016
76561198583243189
76561198376534173
76561198302356607
76561198306497843
76561198301092293
76561198398993328
76561198303869707
76561198254499549
76561198300105811
76561198400986719
76561198377781262
76561198300726595
76561198306729193
76561198583222753
76561198376476463
76561198398778565
76561198254500045
76561198307473872
76561198399651727
76561198299414618
76561198306064863
76561198254517763
76561198306608674
76561198583278035
76561198305856293
76561198399163821
76561198254995208
76561198306661215
76561198306819881
76561198299373429
76561198300366618
76561198251663794
76561198401142400
76561198300541016
76561198583278690
76561198584059450
76561198412705728
76561198306527146
76561198303799579
76561198411410802
76561198254163876
76561198589488876
76561198306852763
76561198377203838
76561198254179858
76561198413424831
76561198305782698
76561198376772608
76561198589486518
76561198401314017
76561198583285240
76561198301815313
76561198254489321
76561198303790501
76561198305189207
76561198589510229
76561198377099633
76561198401171302
76561198251659438
76561198262376559
76561198306045967
76561198401895513
76561198262404689
76561198306799838
76561198401975943
76561198219336515
76561198299407743
76561198254155332
76561198583265328
76561198253340501
76561198311862717
76561198301990310
76561198412105776
76561198254163625
76561198254494344
76561198299878196
76561198583223932
76561198584074253
76561198311328798
76561198305871976
76561198255004025
76561198304615540
76561198401962888
76561198299480585
76561198583786053
76561198310894386
76561198376520502
76561198376486943
76561198310548122
76561198303713916
76561198302733475
76561198306230861
76561198307421000
76561198300601476
76561198403822269
76561198377354272
76561198300075460
76561198253038544
76561198305063886
76561198584050411
76561198303740638
76561198301448151
76561198399696648
76561198254162791
76561198583212404
76561198301444371
76561198584094820
76561198308446668
76561198303848780
76561198306041541
76561198308492645
76561198254152760
76561198583276201
76561198253325600
76561198300393910
76561198379923154
76561198306434339
76561198304582416
76561198376371051
76561198306272809
76561198399107987
76561198377308628
76561198377021378
76561198306393206
76561198378442698
76561198378464295
76561198583211356
76561198306712075
76561198307689525
76561198302627334
76561198219519521
76561198306381243
76561198377900148
76561198398550609
76561198376401095
76561198401869961
76561198309328432
76561198254988173
76561198302633884
76561198300569845
76561198307073413
76561198376341775
76561198299140170
76561198254495987
76561198306330921
76561198307096546
76561198219326997
76561198307127998
76561198308913059
76561198306208024
76561198306017607
76561198401604128
76561198262424569
76561198583774132
76561198302045973
76561198583252752
76561198255008795
76561198583214369
76561198305737959
76561198309104691
76561198305792685
76561198401897005
76561198401111452
76561198306339241
76561198307675524
76561198583292183
76561198251431260
76561198299778403
76561198305096854
76561198302086050
76561198305839982
76561198376763961
76561198254494888
76561198584096916
76561198399788738
76561198300556501
76561198254972860
76561198307016633
76561198262386383
76561198583239259
76561198398260441
76561198377194668
76561198299988779
76561198300677290
76561198399759348
76561198305964440
76561198398420022
76561198401318994
76561198305090483
76561198303898225
76561198589484946
76561198377847442
76561198299765239
76561198589515862
76561198583287205
76561198306245298
76561198307000846
76561198301960774
76561198583224849
76561198302240502
76561198251489702
76561198310532940
76561198304368401
76561198583304628
76561198262385647
76561198300474413
76561198300733107
76561198583800332
76561198299785004
76561198306093832
76561198307181472
76561198378623478
76561198299769229
76561198253340288
76561198583211749
76561198583218823
76561198583250656
76561198401796057
76561198306687880
76561198254147652
76561198376974041
76561198299869986
76561198583298995
76561198307574539
76561198376514333
76561198401115489
76561198306324964
76561198253049520
76561198254985645
76561198254973574
76561198254519759
76561198399010358
76561198402166037
76561198254484062
76561198378580003
76561198306608818
76561198305919766
76561198306066498
76561198254164809
76561198300692149
76561198307953783
76561198300638120
76561198251533272
76561198307619295
76561198399840450
76561198583225504
76561198377225140
76561198410700367
76561198301472077
76561198307914892
76561198377895301
76561198307224067
76561198398305777
76561198299890422
76561198308126500
76561198219352261
76561198306619191
76561198305804191
76561198306639496
76561198308255818
76561198378898204
76561198583275284
76561198377904180
76561198254513360
76561198583775180
76561198301895094
76561198253335246
76561198398804765
76561198299291794
76561198301795401
76561198254174276
76561198583305283
76561198301356141
76561198303765856
76561198300520841
76561198309747156
76561198253322378
76561198219333559
76561198300519104
76561198311212389
76561198583291528
76561198400956290
76561198300635762
76561198584098488
76561198401941520
76561198299897895
76561198376447233
76561198583275808
76561198254501786
76561198300677933
76561198253332542
76561198262440647
76561198254979607
76561198306136764
76561198583242272
76561198401191911
76561198377849860
76561198299749489
76561198253328880
76561198306548898
76561198305772151
76561198262389995
76561198398903170
76561198306076049
76561198310388609
76561198303745914
76561198589499225
76561198300566939
76561198305643086
76561198398370866
76561198305777386
76561198307651184
76561198311759504
76561198308255163
76561198583240438
76561198589488090
76561198302633635
76561198299719744
76561198583778324
76561198306631145
76561198376711959
76561198305650701
76561198219378391
76561198304549155
76561198309103643
76561198253341306
76561198253329296
76561198308456929
76561198219365597
76561198307764278
76561198398513876
76561198305971484
76561198301402769
76561198584061546
76561198376994313
76561198401220389
76561198254498095
76561198377134573
76561198262446233
76561198306852515
76561198304562255
76561198301323822
76561198303671977
76561198306304831
76561198306871987
76561198301025680
76561198308501674
76561198401772927
76561198399051607
76561198310477968
76561198254147490
76561198583796926
76561198254491658
76561198303738342
76561198305114816
76561198262478968
76561198307371087
76561198401338496
76561198299776730
76561198399093641
76561198303879491
76561198401715581
76561198376494144
76561198589467261
76561198254971996
76561198254164154
76561198305004227
76561198307246039
76561198306861769
76561198306687437
76561198307032454
76561198398551369
76561198305086221
76561198300706534
76561198589505513
76561198401421834
76561198583791162
76561198589514159
76561198306302166
76561198254498494
76561198254499310
76561198398433265
76561198306668119
76561198377195774
76561198583266769
76561198401374767
76561198305841603
76561198306496730
76561198376340556
76561198300734155
76561198306097509
76561198401890123
76561198583815921
76561198306116908
76561198589481540
76561198401333125
76561198301682458
76561198300147916
76561198301291290
76561198310203900
76561198583241093
76561198306326780
76561198584072157
76561198254490626
76561198306583920
76561198399050517
76561198306435088
76561198376442945
76561198306525325
76561198306193738
76561198377182105
76561198583272009
76561198377015722
76561198398463645
76561198401064682
76561198307433295
76561198377140570
76561198254983306
76561198583296899
76561198219334335
76561198399891540
76561198304999038
76561198301437227
76561198254156653
76561198411503549
76561198311162617
76561198301331180
76561198583774787
76561198307100802
76561198300631860
76561198299874657
76561198584081982
76561198398379745
76561198301301199
76561198401113895
76561198589479575
76561198299987703
76561198300614913
76561198583786708
76561198254500792
76561198377114449
76561198583811074
76561198254158831
76561198307553151
76561198589490579
76561198589473287
76561198401300658
76561198307187794
76561198304433189
76561198300588619
76561198305667646
76561198401127912
76561198301312988
76561198307797886
76561198307428876
76561198377088480
76561198302791263
76561198399111748
76561198584075956
76561198583284847
76561198411278806
76561198262461850
76561198402431255
76561198399199705
76561198411207974
76561198306505638
76561198401910185
76561198262415856
76561198583769023
76561198306642704
76561198584099143
76561198412889558
76561198305149461
76561198306525705
76561198376545963
76561198589489400
76561198376419226
76561198401108022
76561198262468362
76561198376928867
76561198589507740
76561198398418454
76561198589485470
76561198306192297
76561198583226945
76561198299882128
76561198398678563
76561198254154570
76561198305948869
76561198262453877
76561198583288777
76561198303818954
76561198402470262
76561198303790540
76561198255039777
76561198401129977
76561198262410219
76561198401351072
76561198254177433
76561198401710603
76561198306228373
76561198401387343
76561198376278811
76561198311919541
76561198308351029
76561198305983096
76561198399115323
76561198306190201
76561198376380793
76561198306436494
76561198301211517
76561198584060498
76561198255002176
76561198399029127
76561198303870258
76561198301305102
76561198307692978
76561198254992749
76561198589508919
76561198306613227
76561198398479784
76561198302044922
76561198302613682
76561198583860985
76561198300299087
76561198254492468
76561198401768981
76561198306435208
76561198255005721
76561198589511670
76561198306726835
76561198305969257
76561198300523663
76561198306633280
76561198299696225
76561198410840008
76561198254995769
76561198253326548
76561198301239359
76561198301323257
76561198305966143
76561198302068431
76561198306408354
76561198376759114
76561198399974929
76561198376936858
76561198583269389
76561198254175335
76561198255013867
76561198304466028
76561198398496794
76561198311841491
76561198300497268
76561198583246857
76561198589518613
76561198254991103
76561198376581224
76561198306154928
76561198399214755
76561198306033614
76561198583252228
76561198254999126
76561198300516484
76561198254966013
76561198401198165
76561198304413395
76561198299844739
76561198399118336
76561198399122156
76561198305767606
76561198403545121
76561198301108817
76561198300026881
76561198302745134
76561198401285039
76561198583773084
76561198307297189
76561198583208212
76561198254146845
76561198307669973
76561198306527433
76561198584070061
76561198306403264
76561198399070896
76561198402586827
76561198399172103
76561198399002309
76561198305977947
76561198305644356
76561198401911017
76561198305619742
76561198589480885
76561198306026540
76561198305120964
76561198398627210
76561198301343791
76561198399110051
76561198301312261
76561198583272533
76561198398810760
76561198300679000
76561198300546334
76561198307902714
76561198308685870
76561198262445979
76561198307964656
76561198262422894
76561198583803738
76561198399115087
76561198398868727
76561198400787097
76561198304131642
76561198410743502
76561198304997990
76561198306719159
76561198300139402
76561198376427800
76561198583257206
76561198310387043
76561198583793127
76561198306447077
76561198411369482
76561198583289432
76561198411944755
76561198398442408
76561198376904948
76561198306455048
76561198376989007
76561198377276528
76561198305093157
76561198308460335
76561198306513111
76561198307646570
76561198254969855
76561198583269782
76561198300293323
76561198410802160
76561198300299742
76561198411539709
76561198254145961
76561198584082506
76561198254992368
76561198584081458
76561198583770464
76561198401209142
76561198301472339
76561198398453271
76561198305934623
76561198301934325
76561198254166118
76561198308409836
76561198306557036
76561198306743831
76561198401087274
76561198583861509
76561198254174688
76561198306840346
76561198399101494
76561198307072928
76561198307408687
76561198399691390
76561198304613023
76561198403049982
76561198309022566
76561198253336261
76561198377579656
76561198254472907
76561198210930525
76561198299160289
76561198305900966
76561198300659456
76561198310556722
76561198589497522
76561198583813432
76561198401231105
76561198307148237
76561198401787088
76561198402575959
76561198254981131
76561198398423694
76561198401129601
76561198254162479
76561198401509564
76561198305722467
76561198307715798
76561198254991245
76561198262445999
76561198306512459
76561198398641751
76561198307431854
76561198300531363
76561198299469571
76561198377013134
76561198306429979
76561198311315705
76561198399832879
76561198307639124
76561198718528854
76561198399794371
76561198254149850
76561198583239914
76561198376630651
76561198300524449
76561198401945920
76561198402584998
76561198378772628
76561198308503745
76561198411154562
76561198203907135
76561198300646313
76561198403137357
76561198254169169
76561198376567828
76561198306567418
76561198583244892
76561198300726768
76561198401737720
76561198401022880
76561198251467010
76561198398364316
76561198410663374
76561198306010806
76561198299987180
76561198254500257
76561198299827707
76561198305837666
76561198254976096
76561198583206902
76561198307212329
76561198410927811
76561198398837777
76561198376574902
76561198583251311
76561198398422904
76561198410796831
76561198583236377
76561198254982348
76561198262441632
76561198307042048
76561198583279214
76561198401846337
76561198306984764
76561198300575010
76561198306693646
76561198301396244
76561198376900756
76561198306978480
76561198306542826
76561198401875000
76561198300766513
76561198251378324
76561198311222100
76561198376327627
76561198301541920
76561198307247358
76561198401257865
76561198300727340
76561198303860570
76561198309732517
76561198583790638
76561198401881023
76561198399851924
76561198401097828
76561198398603627
76561198401163561
76561198301418766
76561198583792734
76561198306154622
76561198411884603
76561198376456537
76561198376591229
76561198301183762
76561198589502500
76561198301109156
76561198377047688
76561198306219462
76561198304999562
76561198401185402
76561198300830306
76561198589504727
76561198300722082
76561198583294410
76561198584100322
76561198401170808
76561198399782666
76561198306344422
76561198584052376
76561198403054436
76561198399052469
76561198307231590
76561198410687457
76561198583303973
76561198377118384
76561198305799227
76561198377198892
76561198398382067
76561198583250263
76561198402567837
76561198376631339
76561198379060468
76561198410680248
76561198299819335
76561198583282358
76561198376252082
76561198411538661
76561198583213714
76561198399865835
76561198410809537
76561198400806250
76561198306176577
76561198311016772
76561198308014216
76561198299207744
76561198401052960
76561198300840914
76561198398768747
76561198308971281
76561198262423148
76561198411409623
76561198411276092
76561198377242563
76561198398473327
76561198307022514
76561198307356575
76561198300632452
76561198262448513
76561198583763652
76561198402801970
76561198401245060
76561198401884532
76561198401131265
76561198583801773
76561198300580646
76561198377041516
76561198589493330
76561198399860886
76561198402264749
76561198401926826
76561198305806560
76561198584096392
76561198299323666
76561198306430503
76561198376765665
76561198398883530
76561198399069062
76561198305868832
76561198303867065
76561198311943211
76561198377658731
76561198303746309
76561198583293231
76561198306636003
76561198376358592
76561198306635348
76561198306508711
76561198306309506
76561198301241857
76561198399181309
76561198305769702
76561198411291466
76561198300496138
76561198583288122
76561198254147244
76561198254988291
76561198301068720
76561198376506563
76561198401225578
76561198583818279
76561198402372585
76561198398559234
76561198304373020
76561198583771119
76561198401285130
76561198589489924
76561198398411781
76561198376763569
76561198401711930
76561198400030456
76561198411392912
76561198410748300
76561198254162860
76561198401077819
76561198308439557
76561198402697223
76561198306169032
76561198401786625
76561198306341540
76561198401524194
76561198401074937
76561198306392292
76561198401005584
76561198399085868
76561198377697538
76561198402634237
76561198399166592
76561198401219865
76561198305634394
76561198299222915
76561198300031023
76561198303847808
76561198401906044
76561198401184934
76561198399174631
76561198379074616
76561198400932092
76561198377174159
76561198306531101
76561198403696585
76561198311092531
76561198300689473
76561198401121324
76561198307716824
76561198376142794
76561198254501994
76561198254455978
76561198376336310
76561198410606722
76561198402372910
76561198583820375
76561198411313980
76561198305815511
76561198401314278
76561198399072381
76561198376854447
76561198589491627
76561198399729330
76561198299892172
76561198299344830
76561198589498570
76561198410731744
76561198401007390
76561198400574231
76561198583783433
76561198306635629
76561198398582190
76561198300631568
76561198306445243
76561198300203067
76561198300694769
76561198301816078
76561198303759785
76561198401124397
76561198307235611
76561198308405863
76561198398566933
76561198399230774
76561198305662398
76561198583221836
76561198411342199
76561198307933013
76561198376523956
76561198306538435
76561198583303580
76561198400698043
76561198410955930
76561198398584483
76561198303722036
76561198401187010
76561198399265140
76561198311880789
76561198401101103
76561198401049879
76561198304587968
76561198306594294
76561198410654997
76561198312528345
76561198583247381
76561198307787539
76561198306653273
76561198376588818
76561198401344915
76561198401268100
76561198401811061
76561198307750684
76561198402616826
76561198589498046
76561198401239887
76561198399906969
76561198305937258
76561198306442778
76561198583223277
76561198399940345
76561198255012326
76561198376659144
76561198398581077
76561198305137524
76561198306571430
76561198309007002
76561198210923657
76561198584098095
76561198584072943
76561198401202915
76561198402603857
76561198307612012
76561198300728351
76561198410746568
76561198401701331
76561198398560854
76561198401404559
76561198303860937
76561198300820810
76561198302063625
76561198401065769
76561198254488533
76561198302097187
76561198400684026
76561198401075484
76561198583241617
76561198308236603
76561198401121217
76561198376633984
76561198300786245
76561198401255933
76561198401959548
76561198410728731
76561198399159994
76561198398400461
76561198398601935
76561198376530524
76561198401602687
76561198400977119
76561198303904872
76561198583809371
76561198401181115
76561198377315833
76561198377813249
76561198399013150
76561198401113331
76561198583763259
76561198398687433
76561198401862894
76561198589465689
76561198402171903
76561198398481169
76561198307620203
76561198401543975
76561198401203307
76561198400113457
76561198301526151
76561198377848902
76561198308281403
76561198398456583
76561198583245678
76561198401875414
76561198398351279
76561198402611967
76561198376866107
76561198398372218
76561198398694376
76561198300835052
76561198251470454
76561198236034974
76561198399137432
76561198401861315
76561198379209858
76561198583815266
76561198583807799
76561198377125396
76561198399131593
76561198312653915
76561198402613429
76561198583769678
76561198410737951
76561198305795794
76561198306071662
76561198377213002
76561198402578932
76561198398911573
76561198308417199
76561198398901991
76561198307411997
76561198401084240
76561198401318867
76561198402557785
76561198307627622
76561198376795977
76561198401286667
76561198411281426
76561198583244499
76561198305668051
76561198410789479
76561198411062651
76561198307453018
76561198398977466
76561198376472941
76561198399125634
76561198303710333
76561198410593436
76561198411291859
76561198399073263
76561198401398609
76561198401128667
76561198378192105
76561198583224456
76561198401018244
76561198402524193
76561198399846705
76561198402628080
76561198398506488
76561198307596756
76561198410874084
76561198399243590
76561198307783920
76561198413144670
76561198401905188
76561198583776752
76561198306660522
76561198402625341
76561198399573878
76561198399160483
76561198305576762
76561198399803017
76561198377710507
76561198303836580
76561198401150806
76561198401182294
76561198402502272
76561198399151610
76561198399115082
76561198401026024
76561198584075432
76561198401611343
76561198401131078
76561198402204090
76561198399154200
76561198306536341
76561198401219341
76561198307213128
76561198376498750
76561198401138026
76561198413230765
76561198398571417
76561198401632312
76561198398690184
76561198398447752
76561198311383496
76561198412936308
76561198400690314
76561198402413782
76561198401806971
76561198411828136
76561198399855608
76561198399771007
76561198299451499
76561198411388253
76561198401854847
76561198311205803
76561198401390057
76561198401061379
76561198398495746
76561198401846835
76561198743180565
76561198583810419
76561198401952524
76561198401940210
76561198411278188
76561198400807271
76561198401316768
76561198401123076
76561198583217251
76561197973578969
76561198309020264
76561198410746122
76561198401141767
76561198411527183
76561198584069537
76561198402312730
76561198300780974
76561198400811937
76561198402808258
76561198401918479
76561198584095606
76561198413133404
76561198401350417
76561198401706964
76561198300548581
76561198403014771
76561198410814968
76561198403694751
76561198410684571
76561198399506577
76561198400948823
76561198401904159
76561198411148590
76561198402113244
76561198378107815
76561198399902244
76561198402200985
76561198399125785
76561198402366428
76561198398462585
76561198401844285
76561198401011221
76561198398981349
76561198401900300
76561198398702012
76561198399139241
76561198412139254
76561198398514652
76561198376434088
76561198411445663
76561198401986213
76561198401302946
76561198398564051
76561198410656562
76561198401924730
76561198398456708
76561198398721269
76561198398828387
76561198401975419
76561198399258062
76561198399881060
76561198411048556
76561198398300799
76561198399733522
76561198401836007
76561198401328165
76561198398568182
76561198402404531
76561198410627357
76561198398611469
76561198398640535
76561198410746866
76561198398690094
76561198401055318
76561198401083192
76561198402564335
76561198402221382
76561198412879602
76561198411310226
76561198399262651
76561198401319653
76561198400955373
76561198401014885
76561198398539683
76561198402322948
76561198400361497
76561198398589854
76561198402591936
76561198411317636
76561198401877879
76561198410848654
76561198401201440
76561198402578088
76561198743139169
76561198743152531
76561198399059598
76561198411418478
76561198403658988
76561198398642647
76561198401874240
76561198412677958
76561198410872119
76561198401957386
76561198398664418
76561198401691175
76561198411042434
76561198583281179
76561198401752741
76561198401166574
76561198410708331
76561198411063961
76561198589479182
76561198399137031
76561198399901365
76561198398356650
76561198402713484
76561198410587017
76561198411277103
76561198401808927
76561198398659702
76561198398365923
76561198752680423
76561198401579369
76561198411628760
76561198403699079
76561198411341024
76561198399092917
76561198401186224
76561198401252300
76561198398963493
76561198398596684
76561198401128982
76561198401885108
76561198411505252
76561198411958311
76561198401756249
76561198401202814
76561198402206186
76561198411559431
76561198399877097
76561198412879864
76561198398362875
76561198401755885
76561198402501093
76561198411554715
76561198410792990
76561198410736904
76561198740479738
76561198411944294
76561198399854363
76561198410702070
76561198411708625
76561198401869638
76561198402299988
76561198410741144
76561198402393807
76561198401619334
76561198410817292
76561198413289720
76561198399990125
76561198410805828
76561198401323321
76561198411956676
76561198401082820
76561198412941024
76561198398122584
76561198410687213
76561198410540844
76561198401074677
76561198403305974
76561198402624695
76561198413297973
76561198402412603
76561198401100112
76561198411535910
76561198410686373
76561198414375237
76561198401435592
76561198398900812
76561198403725672
76561198411336220
76561198401415733
76561198410883745
76561198401786273
76561198411422718
76561198398589395
76561198401934293
76561198402421037
76561198410545238
76561198413045012
76561198401279104
76561198410634320
76561198401830790
76561198400784767
76561198400335559